0.433333 -0.099468 2.090117 0.658456 0.997582 0.045915 0.031264 0.041770
0.466667 -0.124424 2.301995 0.670957 0.997533 0.039643 0.031618 0.048546
0.500000 -0.144901 2.514994 0.670148 0.997440 0.038558 0.032289 0.050826
0.533333 -0.157194 2.733190 0.661139 0.997469 0.034727 0.037792 0.049199
0.566667 -0.173805 2.954428 0.634502 0.997166 0.030035 0.041049 0.055440
0.600000 -0.177660 3.184062 0.583208 0.996755 0.022756 0.048953 0.059713
0.633333 -0.172090 3.406935 0.538507 0.995854 0.024720 0.061626 0.062183
0.666667 -0.171468 3.633119 0.496441 0.994419 0.025489 0.079535 0.064455
0.700000 -0.187773 3.857160 0.457179 0.993705 0.028226 0.085435 0.066744
0.733334 -0.172511 4.092839 0.428564 0.991551 0.030303 0.103597 0.071939
0.766667 -0.176352 4.319929 0.394399 0.990444 0.033128 0.112133 0.073133
0.800000 -0.161768 4.561872 0.317877 0.988530 0.036195 0.124484 0.077473
0.833334 -0.195738 4.801843 0.226420 0.987868 0.031833 0.126275 0.084609
0.866667 -0.226727 5.050093 0.137699 0.987709 0.030097 0.124352 0.089783
0.900000 -0.274564 5.315588 0.020945 0.987799 0.019872 0.119271 0.098150
0.933334 -0.363232 5.555034 -0.120076 0.988585 0.010737 0.106814 0.105709
0.966667 -0.478986 5.759051 -0.225092 0.989401 0.008842 0.086935 0.115973
1.000000 -0.563087 5.956919 -0.329008 0.989346 0.007330 0.077380 0.123097
1.033330 -0.619703 6.135125 -0.495016 0.988531 -0.001234 0.073680 0.131820
1.066670 -0.635541 6.333872 -0.618738 0.987982 -0.005054 0.078614 0.132988
1.100000 -0.668270 6.520149 -0.729143 0.987218 -0.002360 0.080301 0.137645
1.133330 -0.704519 6.724436 -0.834614 0.986612 -0.003294 0.081389 0.141286
1.166670 -0.741378 6.952547 -0.949451 0.985650 -0.006326 0.080191 0.148400
1.200000 -0.759916 7.151065 -1.063848 0.984184 -0.009089 0.084520 0.155419
1.233330 -0.775306 7.389210 -1.185292 0.983274 -0.013714 0.086827 0.159518
1.266670 -0.787121 7.623561 -1.310043 0.982617 -0.017273 0.089557 0.161694
1.300000 -0.809425 7.852328 -1.420189 0.981410 -0.019809 0.093523 0.166422
1.333330 -0.845464 8.073552 -1.500769 0.980407 -0.022816 0.094468 0.171343
1.366670 -0.874535 8.297240 -1.573285 0.979292 -0.023242 0.094412 0.177576
1.400000 -0.938318 8.497708 -1.635638 0.978553 -0.028271 0.089576 0.183335
1.433330 -0.997945 8.725671 -1.665393 0.977787 -0.029005 0.084895 0.189432
1.466670 -1.044354 8.974821 -1.683249 0.977161 -0.028710 0.082889 0.193549
1.500000 -1.090810 9.221327 -1.700326 0.976112 -0.030979 0.081449 0.199025
1.533330 -1.148754 9.450540 -1.706696 0.975093 -0.032301 0.076688 0.205595
1.566670 -1.196006 9.653592 -1.675843 0.973849 -0.035562 0.075555 0.211293
1.600000 -1.248156 9.830922 -1.614078 0.973093 -0.035444 0.075532 0.214778
1.633330 -1.320110 9.979725 -1.526047 0.972289 -0.036269 0.073657 0.218889
1.666670 -1.385701 10.168555 -1.455273 0.971320 -0.039541 0.070887 0.223491
1.700000 -1.436227 10.314679 -1.375148 0.969811 -0.039618 0.068715 0.230599
1.733330 -1.493447 10.373255 -1.248856 0.969018 -0.042507 0.066152 0.234141
1.766670 -1.527313 10.457261 -1.100548 0.968430 -0.043049 0.065198 0.236725
1.800000 -1.571184 10.545381 -0.956696 0.966931 -0.047062 0.063584 0.242459
1.833330 -1.643678 10.569935 -0.773112 0.966031 -0.044423 0.060419 0.247304
1.866670 -1.692766 10.684845 -0.635062 0.965036 -0.046229 0.060032 0.250928
1.900000 -1.759906 10.842968 -0.522035 0.963201 -0.048320 0.058237 0.257910
1.933330 -1.834639 11.036371 -0.417651 0.962250 -0.048708 0.058385 0.261331
1.966670 -1.922123 11.233641 -0.314787 0.960660 -0.049929 0.055935 0.267414
2.000000 -2.079913 11.410811 -0.247905 0.958571 -0.050193 0.051191 0.275684
2.033330 -2.172032 11.634676 -0.167226 0.956569 -0.054887 0.050990 0.281716
2.066670 -2.275660 11.883388 -0.088885 0.954883 -0.055985 0.049634 0.287404
2.100000 -2.374824 12.114617 0.008635 0.953379 -0.056314 0.047705 0.292613
2.133330 -2.472557 12.325047 0.113177 0.951560 -0.058803 0.044090 0.298550
2.166670 -2.639617 12.514005 0.213735 0.950049 -0.057452 0.039236 0.304247
2.200000 -2.751642 12.719814 0.330107 0.947862 -0.057357 0.036762 0.311314
2.233330 -2.869899 12.913934 0.437960 0.946311 -0.056365 0.033838 0.316503
2.266670 -2.970260 13.102855 0.540288 0.944034 -0.056304 0.029931 0.323627
2.300000 -3.077476 13.301150 0.627025 0.942349 -0.055934 0.026900 0.328824
2.333330 -3.181988 13.503170 0.712185 0.940289 -0.054749 0.023100 0.335150
2.366670 -3.280029 13.695732 0.791293 0.938346 -0.054240 0.020087 0.340824
2.400000 -3.485909 13.867614 0.871434 0.936444 -0.049816 0.015036 0.346936
2.433330 -3.605186 14.076237 0.974705 0.933787 -0.046984 0.009954 0.354593
2.466670 -3.731676 14.276659 1.060267 0.932419 -0.044804 0.005881 0.358542
2.500000 -3.860844 14.467604 1.135353 0.930304 -0.043090 0.003703 0.364231
2.533330 -3.991168 14.650521 1.195621 0.927956 -0.041741 -0.001613 0.370343
2.566670 -4.169887 14.836386 1.245570 0.925548 -0.036726 -0.009452 0.376727
2.600000 -4.282990 15.013388 1.284027 0.923970 -0.033473 -0.013101 0.380773
2.633330 -4.401013 15.194071 1.294770 0.922198 -0.030630 -0.017051 0.385125
2.666670 -4.527773 15.319152 1.329011 0.920886 -0.024104 -0.022115 0.388457
2.700000 -4.653973 15.481751 1.338572 0.918946 -0.022296 -0.026775 0.392840
2.733330 -4.782250 15.661891 1.316625 0.916440 -0.020731 -0.029241 0.398564
2.766670 -4.933456 15.839441 1.270167 0.914522 -0.018801 -0.033921 0.402673
2.800000 -5.074376 16.023785 1.220101 0.911650 -0.016767 -0.037952 0.408867
2.833330 -5.199826 16.193183 1.133667 0.909654 -0.016325 -0.041762 0.412941
2.866670 -5.340796 16.358073 1.064142 0.907343 -0.015632 -0.046407 0.417530
2.900000 -5.467439 16.535459 0.964807 0.904687 -0.013741 -0.049924 0.422919
2.933330 -5.609832 16.714454 0.874306 0.902941 -0.010960 -0.057715 0.425730
2.966670 -5.719024 16.870743 0.756728 0.900218 -0.010049 -0.058533 0.431371
3.000000 -5.861332 17.049488 0.652797 0.898676 -0.009130 -0.063989 0.433825
3.033330 -5.943295 17.158057 0.502105 0.897019 -0.007958 -0.063382 0.437352
3.066670 -6.083079 17.331013 0.378181 0.894872 -0.008840 -0.067211 0.441144
3.100000 -6.185449 17.441044 0.252216 0.892878 -0.004109 -0.066524 0.445338
3.133330 -6.313608 17.578762 0.114670 0.890592 -0.006283 -0.065181 0.450063
3.166670 -6.438545 17.699746 -0.014028 0.889224 -0.011116 -0.061459 0.453188
3.200000 -6.582384 17.843500 -0.125845 0.886770 -0.010646 -0.063279 0.457735
3.233330 -6.719327 17.961821 -0.231175 0.884979 -0.011358 -0.060059 0.461601
3.266660 -6.867188 18.090527 -0.324516 0.882140 -0.011565 -0.057078 0.467373
3.300000 -7.022119 18.206974 -0.402155 0.879409 -0.011004 -0.055455 0.472697
3.333330 -7.177270 18.340514 -0.467181 0.877541 -0.007810 -0.055129 0.476259
3.366660 -7.340073 18.495328 -0.517454 0.875244 -0.005571 -0.059060 0.480031
3.400000 -7.493907 18.635227 -0.560596 0.873219 -0.004398 -0.063127 0.483201
3.433330 -7.646953 18.763117 -0.594268 0.871078 -0.002588 -0.061182 0.487312
3.466660 -7.815445 18.911114 -0.611615 0.868069 -0.001364 -0.065627 0.492084
3.500000 -7.982757 19.053163 -0.621185 0.865250 0.002019 -0.069385 0.496511
3.533330 -8.152143 19.184261 -0.620007 0.861558 0.002488 -0.072840 0.502400
3.566660 -8.342619 19.337613 -0.606350 0.859109 0.004907 -0.076470 0.506024
3.600000 -8.503372 19.470444 -0.590507 0.857614 0.005217 -0.079692 0.508055
3.633330 -8.670555 19.594794 -0.563914 0.855095 0.009988 -0.081517 0.511925
3.666660 -8.844514 19.718444 -0.526121 0.852560 0.012494 -0.084508 0.515601
3.700000 -9.047621 19.844137 -0.479047 0.849006 0.018010 -0.088260 0.520649
3.733330 -9.238137 19.971963 -0.415461 0.846333 0.020822 -0.093580 0.523956
3.766660 -9.416201 20.101950 -0.351909 0.842740 0.021776 -0.098655 0.528756
3.800000 -9.604686 20.225134 -0.283798 0.839712 0.023336 -0.100116 0.533213
3.833330 -9.798817 20.334447 -0.208551 0.837405 0.026683 -0.100169 0.536663
3.866660 -9.970749 20.443984 -0.130185 0.836117 0.029248 -0.097283 0.539063
3.900000 -10.145846 20.550898 -0.045678 0.832869 0.032260 -0.094944 0.544311
3.933330 -10.337341 20.655944 0.034444 0.829928 0.035508 -0.094530 0.548655
3.966660 -10.518306 20.762217 0.124072 0.827040 0.038259 -0.093970 0.552911
4.000000 -10.706518 20.863249 0.216684 0.824054 0.041381 -0.093824 0.557154
4.033330 -10.894175 20.965262 0.309212 0.821332 0.042786 -0.091932 0.561366
4.066660 -11.086972 21.070593 0.398194 0.817564 0.045670 -0.091380 0.566704
4.100000 -11.286172 21.166296 0.489640 0.814306 0.047969 -0.094278 0.570716
4.133330 -11.461842 21.253764 0.583641 0.813544 0.048771 -0.093996 0.571780
4.166660 -11.625038 21.347862 0.656925 0.811432 0.048658 -0.093665 0.574836
4.200000 -11.808488 21.424230 0.741705 0.809491 0.050950 -0.094632 0.577211
4.233330 -11.992872 21.504575 0.817722 0.806121 0.052003 -0.092500 0.582159
4.266660 -12.177828 21.589068 0.883353 0.803109 0.055926 -0.092213 0.585991
4.300000 -12.357758 21.674674 0.941019 0.800019 0.058968 -0.091162 0.590070
4.333330 -12.538493 21.761293 0.988208 0.796805 0.061676 -0.090773 0.594187
4.366660 -12.727376 21.847703 1.023345 0.794760 0.065304 -0.088285 0.596906
4.400000 -12.841942 21.917053 1.064808 0.792157 0.066507 -0.086128 0.600538
4.433330 -13.031242 21.984122 1.085491 0.790292 0.068654 -0.085146 0.602890
4.466660 -13.218658 22.058115 1.094696 0.786382 0.070227 -0.083125 0.608081
4.500000 -13.391499 22.131052 1.094807 0.782474 0.070156 -0.081251 0.613361
4.533330 -13.567418 22.203046 1.082341 0.780098 0.072709 -0.078946 0.616383
4.566660 -13.763729 22.275021 1.055610 0.777165 0.074389 -0.079670 0.619786
4.600000 -13.976150 22.347818 1.016174 0.775300 0.076479 -0.079307 0.621909
4.633330 -14.022442 22.408179 0.984276 0.772408 0.077226 -0.073178 0.626153
4.666660 -14.172790 22.447924 0.939117 0.768962 0.080678 -0.071878 0.630097
4.700000 -14.351371 22.498104 0.880794 0.765220 0.084272 -0.069721 0.634410
4.733330 -14.538103 22.555172 0.810900 0.761390 0.084528 -0.069031 0.639042
4.766660 -14.729198 22.615910 0.729583 0.758552 0.087417 -0.067369 0.642198
4.800000 -14.791510 22.652982 0.674539 0.755100 0.089441 -0.063687 0.646350
4.833330 -14.959507 22.686852 0.584725 0.751871 0.088747 -0.062080 0.650353
4.866660 -15.139008 22.731884 0.488096 0.749408 0.088794 -0.062710 0.653123
4.900000 -15.327549 22.782468 0.385387 0.744950 0.090183 -0.059101 0.658349
4.933330 -15.512032 22.845492 0.281457 0.741453 0.089291 -0.056504 0.662632
4.966660 -15.614758 22.867616 0.233059 0.738665 0.090852 -0.056464 0.665531
5.000000 -15.776319 22.893505 0.125971 0.736072 0.092192 -0.053628 0.668448
5.033330 -15.971180 22.940621 0.015119 0.731736 0.090458 -0.050584 0.673662
5.066660 -16.189463 22.978583 -0.099603 0.727980 0.091233 -0.047651 0.677828
5.100000 -16.406386 22.992931 -0.212621 0.724176 0.091281 -0.045077 0.682059
5.133330 -16.569507 22.966538 -0.254082 0.719294 0.093668 -0.042150 0.687070
5.166660 -16.763797 22.990911 -0.342013 0.716230 0.094814 -0.039418 0.690269
5.200000 -16.973461 23.021561 -0.433152 0.711627 0.095890 -0.038013 0.694944
5.233330 -17.177483 23.048128 -0.518360 0.708323 0.097157 -0.034664 0.698310
5.266660 -17.395782 23.049145 -0.605291 0.704489 0.098590 -0.029116 0.702230
5.300000 -17.585701 23.014291 -0.677561 0.701209 0.099269 -0.024128 0.705599
5.333330 -17.732771 22.964096 -0.666782 0.697678 0.099812 -0.021211 0.709107
5.366660 -17.922856 22.974913 -0.700725 0.693897 0.101129 -0.019063 0.712683
5.400000 -18.130199 22.991396 -0.734545 0.689655 0.100089 -0.017699 0.716969
5.433330 -18.334068 23.000210 -0.770446 0.686429 0.099910 -0.013496 0.720174
5.466660 -18.539057 23.004192 -0.790335 0.682115 0.098754 -0.011916 0.724447
5.500000 -18.739856 23.025069 -0.788740 0.679337 0.098697 -0.010836 0.727079
5.533330 -18.964360 22.910383 -0.717008 0.676402 0.103390 -0.008567 0.729189
5.566660 -19.158030 22.913292 -0.697747 0.672529 0.105401 -0.007213 0.732491
5.600000 -19.363985 22.912089 -0.670119 0.668407 0.104411 -0.003100 0.736424
5.633330 -19.561358 22.911168 -0.638656 0.664591 0.104189 -0.005096 0.739891
5.666660 -19.826443 22.809722 -0.545393 0.662152 0.107767 -0.005871 0.741557
5.700000 -20.028581 22.763007 -0.487682 0.658870 0.107899 -0.004215 0.744467
5.733330 -20.220306 22.730383 -0.418812 0.655448 0.104008 -0.002860 0.748039
5.766660 -20.445589 22.683184 -0.331165 0.651249 0.103566 0.000794 0.751763
5.800000 -20.648970 22.643364 -0.250442 0.645964 0.104714 0.005051 0.756135
5.833330 -20.842220 22.603734 -0.160901 0.643101 0.103206 0.008213 0.758750
5.866660 -21.009016 22.559988 -0.056991 0.638186 0.101761 0.008446 0.763081
5.900000 -21.188969 22.500796 0.041876 0.635722 0.100264 0.010467 0.765307
5.933330 -21.364284 22.461697 0.157213 0.632290 0.098925 0.010383 0.768320
5.966660 -21.535539 22.407635 0.263484 0.628961 0.095811 0.012261 0.771413
6.000000 -21.698410 22.353535 0.389399 0.625675 0.095878 0.015229 0.774020
6.033330 -21.872202 22.294346 0.497955 0.622273 0.092529 0.018210 0.777100
6.066660 -22.046815 22.236133 0.610848 0.619282 0.090732 0.018941 0.779679
6.100000 -22.199644 22.168071 0.719317 0.614888 0.091102 0.020342 0.783071
6.133330 -22.373525 22.103217 0.828606 0.611710 0.089643 0.020721 0.785714
6.166660 -22.542447 22.036726 0.927083 0.609528 0.087642 0.023198 0.787564
6.200000 -22.684318 21.959577 1.030269 0.604608 0.085622 0.024948 0.791515
6.233330 -22.857810 21.888110 1.116475 0.600749 0.080830 0.027694 0.794859
6.266660 -22.988189 21.801779 1.208119 0.596938 0.077896 0.029954 0.797935
6.300000 -23.146369 21.721124 1.281778 0.591779 0.076318 0.033683 0.801772
6.333330 -23.267772 21.623128 1.361427 0.588374 0.073344 0.035033 0.804494
6.366660 -23.407299 21.535698 1.419917 0.585166 0.068477 0.037952 0.807126
6.400000 -23.473723 21.422506 1.487675 0.580394 0.067844 0.043302 0.810349
6.433330 -23.595497 21.323898 1.528480 0.575552 0.064372 0.044084 0.814035
6.466660 -23.734598 21.224552 1.557120 0.571887 0.060758 0.049125 0.816603
6.500000 -23.773702 21.088712 1.602280 0.568722 0.059458 0.054831 0.818544
6.533330 -23.896719 20.982515 1.611229 0.563789 0.059356 0.056367 0.821853
6.566660 -24.026073 20.873263 1.609281 0.558097 0.058621 0.058669 0.825620
6.600000 -23.970964 20.709279 1.645666 0.553300 0.059735 0.062457 0.828486
6.633330 -24.091473 20.622393 1.608853 0.549828 0.055698 0.067005 0.830721
6.666660 -24.271346 20.532603 1.559067 0.546117 0.051216 0.068983 0.833292
6.700000 -24.458149 20.433532 1.502273 0.541356 0.048865 0.069609 0.836481
6.733330 -24.596901 20.360354 1.437969 0.535232 0.042076 0.068791 0.840847
6.766660 -24.713502 20.239686 1.381344 0.530737 0.037716 0.070858 0.843727
6.799990 -24.852024 20.118459 1.310323 0.525248 0.032790 0.069801 0.847448
6.833330 -24.990519 19.990869 1.232993 0.521088 0.029655 0.071551 0.849981
6.866660 -25.130672 19.864556 1.149987 0.516277 0.026424 0.071543 0.853019
6.899990 -25.277206 19.754673 1.061608 0.514676 0.025546 0.071052 0.854053
6.933330 -25.417816 19.641116 0.966103 0.511368 0.021411 0.073005 0.855987
6.966660 -25.511213 19.583999 0.845259 0.506768 0.014347 0.073400 0.858832
6.999990 -25.618648 19.478812 0.750396 0.503115 0.011158 0.073961 0.860976
7.033330 -25.741942 19.358274 0.653452 0.497571 0.007007 0.074191 0.864216
7.066660 -25.874341 19.221922 0.560094 0.491284 0.004096 0.073667 0.867869
7.099990 -26.006979 19.077918 0.470460 0.485903 0.000605 0.075662 0.870731
7.133330 -26.140466 18.934041 0.385967 0.480482 -0.000885 0.078188 0.873512
7.166660 -26.272843 18.797042 0.303619 0.477758 -0.000858 0.076748 0.875132
7.199990 -26.408033 18.677737 0.191326 0.472189 -0.005301 0.077858 0.878036
7.233330 -26.524545 18.534958 0.120915 0.468441 -0.008389 0.076197 0.880163
7.266660 -26.639556 18.390471 0.054121 0.462578 -0.011072 0.075931 0.883251
7.299990 -26.753050 18.248511 -0.004330 0.460048 -0.015053 0.073941 0.884682
7.333330 -26.858686 18.098492 -0.056154 0.454825 -0.017640 0.071535 0.887528
7.366660 -26.958484 17.955916 -0.099275 0.451657 -0.020151 0.070559 0.889169
7.399990 -27.065543 17.809071 -0.129660 0.448627 -0.023278 0.069364 0.890719
7.433330 -27.141761 17.735478 -0.199457 0.442996 -0.025881 0.070227 0.893394
7.466660 -27.214291 17.655928 -0.215858 0.437455 -0.028748 0.069880 0.896060
7.499990 -27.303528 17.536741 -0.219866 0.433390 -0.030959 0.069269 0.898007
7.533330 -27.399589 17.400519 -0.209506 0.429027 -0.032478 0.067511 0.900180
7.566660 -27.496106 17.251127 -0.188285 0.424511 -0.036148 0.063719 0.902454
7.599990 -27.588190 17.094186 -0.157151 0.419554 -0.037910 0.061677 0.904839
7.633330 -27.679903 16.933029 -0.114226 0.415883 -0.039992 0.060837 0.906499
7.666660 -27.749035 17.025285 -0.116676 0.412714 -0.046176 0.058238 0.907823
7.699990 -27.802134 16.933304 -0.064459 0.405305 -0.048442 0.057505 0.911084
7.733330 -27.882303 16.801159 -0.001081 0.400659 -0.054261 0.056187 0.912892
7.766660 -27.964416 16.653230 0.075214 0.396301 -0.056077 0.051979 0.914931
7.799990 -28.057898 16.735517 0.105468 0.392644 -0.059847 0.048256 0.916472
7.833330 -28.121867 16.639821 0.190591 0.389105 -0.061179 0.047077 0.917953
7.866660 -28.202327 16.513851 0.281578 0.383970 -0.060936 0.044626 0.920251
7.899990 -28.283441 16.368815 0.376647 0.379841 -0.064179 0.040455 0.921935
7.933330 -28.429980 16.343840 0.437168 0.375751 -0.069071 0.036608 0.923418
7.966660 -28.499331 16.197558 0.545244 0.372057 -0.068105 0.033148 0.925114
7.999990 -28.584107 16.037857 0.648201 0.366022 -0.069588 0.029575 0.927529
8.033330 -28.756077 15.931234 0.733060 0.359579 -0.069156 0.027992 0.930127
8.066660 -28.834993 15.775273 0.838019 0.354125 -0.069075 0.029500 0.932177
8.099990 -28.905756 15.621873 0.938972 0.351980 -0.068387 0.026840 0.933120
8.133330 -29.045149 15.497319 1.029292 0.347236 -0.066327 0.021185 0.935189
8.166660 -29.115985 15.329847 1.126905 0.341268 -0.066410 0.017396 0.937456
8.200000 -29.196481 15.165409 1.210241 0.336878 -0.067383 0.015369 0.939008
8.233330 -29.259168 15.000101 1.294374 0.333457 -0.063306 0.011183 0.940571
8.266660 -29.379515 14.856804 1.358209 0.328964 -0.062258 0.006650 0.942264
8.300000 -29.461746 14.679436 1.416622 0.324199 -0.063577 0.003159 0.943845
8.333330 -29.547455 14.503057 1.465723 0.317735 -0.064066 -0.000217 0.946013
8.366660 -29.632867 14.327227 1.505917 0.313119 -0.062657 -0.003341 0.947639
8.400000 -29.702187 14.147115 1.541104 0.306651 -0.062031 -0.006957 0.949773
8.433330 -29.778898 14.011156 1.577081 0.301212 -0.061363 -0.009378 0.951535
8.466670 -29.837684 13.840400 1.595226 0.297356 -0.058709 -0.011607 0.952889
8.500000 -29.903074 13.664561 1.599681 0.291706 -0.057333 -0.013580 0.954692
8.533330 -29.959964 13.490028 1.596123 0.287594 -0.055565 -0.014424 0.956030
8.566670 -30.026618 13.309797 1.576711 0.281664 -0.051489 -0.016867 0.957982
8.600000 -30.152532 13.121747 1.533814 0.276367 -0.050194 -0.019596 0.959540
8.633340 -30.217443 12.938632 1.491740 0.271484 -0.047188 -0.024482 0.960974
8.666670 -30.276872 12.752238 1.442262 0.264899 -0.044187 -0.027146 0.962881
8.700000 -30.377724 12.555396 1.376841 0.257455 -0.045106 -0.029681 0.964781
8.733340 -30.440336 12.366125 1.305670 0.253740 -0.042860 -0.032813 0.965765
8.766670 -30.514767 12.199088 1.235802 0.249603 -0.040115 -0.035182 0.966877
8.800000 -30.573652 12.017190 1.150547 0.245254 -0.037779 -0.037872 0.967982
8.833340 -30.656514 11.837060 1.068106 0.241180 -0.037173 -0.038830 0.968991
8.866670 -30.713786 11.650873 0.969284 0.234653 -0.033202 -0.038613 0.970744
8.900010 -30.802509 11.482874 0.875478 0.228279 -0.031602 -0.036985 0.972380
8.933340 -30.855375 11.293407 0.768558 0.223274 -0.028505 -0.036789 0.973644
8.966670 -30.924991 11.101662 0.676273 0.214472 -0.031477 -0.039151 0.975437
9.000010 -30.977463 10.906213 0.568987 0.210763 -0.027853 -0.040098 0.976317
9.033340 -31.057715 10.717394 0.474275 0.205255 -0.027626 -0.041295 0.977447
9.066670 -31.104179 10.524660 0.366265 0.200134 -0.027004 -0.045301 0.978348
9.100010 -31.160667 10.350901 0.261431 0.193524 -0.026581 -0.046948 0.979611
9.133340 -31.206045 10.156154 0.160770 0.188266 -0.022154 -0.048947 0.980647
9.166680 -31.259567 9.974245 0.064985 0.183333 -0.017915 -0.053843 0.981412
9.200010 -31.306719 9.771671 -0.023234 0.179732 -0.015284 -0.056034 0.982000
9.233340 -31.350137 9.600306 -0.109801 0.174596 -0.012166 -0.059135 0.982788
9.266680 -31.390866 9.400735 -0.185976 0.169577 -0.007684 -0.060571 0.983624
9.300010 -31.431882 9.226598 -0.257088 0.165604 -0.006472 -0.060129 0.984336
9.333340 -31.467663 9.024276 -0.316534 0.161329 -0.004729 -0.061785 0.984953
9.366680 -31.507074 8.848884 -0.369098 0.153460 -0.001245 -0.064329 0.986058
9.400010 -31.541147 8.648432 -0.409205 0.149634 -0.000220 -0.065167 0.986592
9.433350 -31.583637 8.474681 -0.440597 0.145026 0.004091 -0.063513 0.987379
9.466680 -31.616385 8.272463 -0.459386 0.138383 0.006237 -0.063697 0.988309
9.500010 -31.654896 8.093320 -0.469606 0.133368 0.009046 -0.063708 0.988975
9.533350 -31.681988 7.887814 -0.466970 0.128837 0.011924 -0.060839 0.989726
9.566680 -31.708007 7.682331 -0.453701 0.122957 0.014168 -0.061408 0.990409
9.600010 -31.742077 7.489666 -0.433460 0.116713 0.015460 -0.062948 0.991048
9.633350 -31.767505 7.282477 -0.398252 0.112797 0.017651 -0.064258 0.991381
9.666680 -31.790902 7.076063 -0.353791 0.108646 0.020758 -0.064053 0.991798
9.700020 -31.820419 6.875008 -0.304525 0.105848 0.024777 -0.064676 0.991967
9.733350 -31.843442 6.668923 -0.240294 0.100612 0.030349 -0.063887 0.992408
9.766680 -31.864397 6.461276 -0.168982 0.096183 0.033529 -0.064362 0.992715
9.800020 -31.896870 6.252963 -0.097899 0.091641 0.036595 -0.063048 0.993120
9.833350 -31.914731 6.041363 -0.013301 0.085202 0.041525 -0.063838 0.993449
9.866680 -31.931254 5.829106 0.076216 0.079875 0.042316 -0.062761 0.993927
9.900020 -31.945826 5.616177 0.171079 0.075159 0.045547 -0.062138 0.994191
9.933350 -31.964606 5.396729 0.255949 0.068948 0.050708 -0.061865 0.994408
9.966690 -31.974207 5.177164 0.354469 0.062935 0.054171 -0.063231 0.994538
10.000000 -31.985968 4.961834 0.454830 0.058097 0.056465 -0.064181 0.994644
10.033400 -32.002161 4.728100 0.537423 0.053416 0.060143 -0.063057 0.994763
10.066700 -32.010032 4.512575 0.638675 0.047865 0.061162 -0.063756 0.994939
10.100000 -32.016076 4.293588 0.735141 0.039331 0.065714 -0.062290 0.995115
10.133400 -32.030324 4.034414 0.801042 0.034551 0.068586 -0.060924 0.995184
10.166700 -32.032759 3.815909 0.891138 0.029810 0.070775 -0.056628 0.995437
10.200000 -32.037971 3.596677 0.973686 0.025885 0.074064 -0.054934 0.995403
10.233400 -32.045351 3.375839 1.048891 0.021664 0.078852 -0.055833 0.995086
10.266700 -32.077717 3.108979 1.084072 0.018482 0.083034 -0.053534 0.994936
10.300000 -32.076842 2.883767 1.143838 0.012550 0.083655 -0.052290 0.995043
10.333400 -32.074454 2.653039 1.191859 0.007028 0.084747 -0.048267 0.995208
10.366700 -32.071775 2.430597 1.234177 -0.000847 0.087299 -0.047027 0.995071
10.400000 -32.125630 2.165288 1.231492 -0.007199 0.088851 -0.044619 0.995019
10.433400 -32.120488 1.936963 1.251312 -0.013012 0.090634 -0.042648 0.994886
10.466700 -32.116956 1.719816 1.264426 -0.018236 0.094221 -0.043254 0.994444
10.500000 -32.114004 1.502133 1.265805 -0.022623 0.094894 -0.040364 0.994411
10.533400 -32.146608 1.298319 1.253826 -0.029657 0.096981 -0.037273 0.994146
10.566700 -32.133862 1.074807 1.233685 -0.036671 0.097625 -0.033480 0.993984
10.600000 -32.121013 0.851745 1.202351 -0.042002 0.099090 -0.028461 0.993784
10.633400 -32.107150 0.670087 1.176403 -0.047707 0.099619 -0.026236 0.993535
10.666700 -32.094047 0.445368 1.123118 -0.050456 0.102032 -0.027140 0.993130
10.700000 -32.082630 0.220514 1.059973 -0.055469 0.104420 -0.024614 0.992680
10.733400 -32.101543 0.023040 0.995161 -0.060065 0.102192 -0.018565 0.992776
10.766700 -32.090206 -0.201716 0.913990 -0.064619 0.102834 -0.015654 0.992474
10.800000 -32.074493 -0.425392 0.827446 -0.067246 0.104182 -0.015148 0.992167
10.833400 -32.078037 -0.624095 0.742511 -0.070039 0.103613 -0.013117 0.992062
10.866700 -32.057699 -0.847396 0.644410 -0.072287 0.103903 -0.009829 0.991908
10.900000 -32.055645 -1.063912 0.544829 -0.076996 0.104496 -0.006131 0.991521
10.933400 -32.035301 -1.285630 0.439670 -0.081319 0.105155 -0.001001 0.991125
10.966700 -32.025550 -1.499229 0.337057 -0.085748 0.104940 0.000870 0.990775
11.000000 -32.002488 -1.720053 0.229184 -0.093016 0.105942 0.002985 0.990008
11.033400 -31.985210 -1.944185 0.124286 -0.097989 0.105908 0.004408 0.989526
11.066700 -31.962728 -2.159842 0.016715 -0.102476 0.102790 0.005371 0.989396
11.100000 -31.938905 -2.375875 -0.087812 -0.108985 0.101797 0.009420 0.988772
11.133400 -31.921856 -2.584339 -0.189609 -0.113398 0.101294 0.011744 0.988303
11.166700 -31.895953 -2.800266 -0.285611 -0.116992 0.100228 0.014396 0.987957
11.200000 -31.867063 -3.012822 -0.376232 -0.121368 0.098568 0.016742 0.987560
11.233400 -31.840720 -3.202795 -0.462744 -0.125771 0.097206 0.020126 0.987080
11.266700 -31.806563 -3.420112 -0.538714 -0.131242 0.096042 0.021791 0.986447
11.300000 -31.773360 -3.634251 -0.606779 -0.135141 0.093996 0.024794 0.986046
11.333400 -31.741025 -3.819897 -0.668759 -0.141634 0.091725 0.029209 0.985227
11.366700 -31.704556 -4.036481 -0.718221 -0.146264 0.091281 0.032821 0.984478
11.400000 -31.666857 -4.247557 -0.758049 -0.151143 0.089692 0.033618 0.983860
11.433400 -31.627263 -4.460319 -0.787094 -0.157613 0.088263 0.033128 0.982991
11.466700 -31.586558 -4.672134 -0.805230 -0.162233 0.086409 0.036321 0.982291
11.500000 -31.545227 -4.849294 -0.815909 -0.167731 0.082222 0.038418 0.981646
11.533400 -31.503015 -5.061341 -0.811214 -0.171964 0.079378 0.039431 0.981108
11.566700 -31.458563 -5.269914 -0.796404 -0.178949 0.079206 0.039451 0.979871
11.600000 -31.412351 -5.478670 -0.770942 -0.184896 0.077130 0.039608 0.978926
11.633400 -31.364867 -5.685264 -0.735171 -0.188632 0.076125 0.040332 0.978262
11.666700 -31.316136 -5.854725 -0.695937 -0.193956 0.070377 0.038112 0.977740
11.700000 -31.268225 -6.066730 -0.637907 -0.197975 0.067091 0.039628 0.977105
11.733400 -31.217964 -6.271535 -0.573389 -0.203299 0.064093 0.040644 0.976171
11.766700 -31.159528 -6.448112 -0.511118 -0.208175 0.062312 0.043152 0.975150
11.800000 -31.109055 -6.647494 -0.432649 -0.211648 0.061429 0.043352 0.974450
11.833400 -31.052591 -6.847512 -0.348040 -0.217142 0.058822 0.043036 0.973415
11.866700 -30.984758 -7.023953 -0.265612 -0.223945 0.056811 0.044479 0.971927
11.900000 -30.923438 -7.224232 -0.163242 -0.229008 0.054172 0.045635 0.970844
11.933400 -30.861930 -7.396946 -0.067048 -0.232055 0.052235 0.044353 0.970286
11.966700 -30.812003 -7.592457 0.032104 -0.235876 0.049153 0.042401 0.969613
12.000000 -30.747525 -7.772963 0.140041 -0.240294 0.048153 0.044747 0.968472
12.033400 -30.681390 -7.963359 0.245729 -0.246357 0.046283 0.045828 0.966988
12.066700 -30.619780 -8.132287 0.355765 -0.249250 0.042902 0.045025 0.966440
12.100000 -30.552772 -8.327018 0.453704 -0.252698 0.040117 0.046478 0.965595
12.133400 -30.493889 -8.489305 0.560822 -0.257821 0.037418 0.046122 0.964366
12.166700 -30.423768 -8.680282 0.652618 -0.264453 0.033791 0.047285 0.962646
12.200000 -30.362386 -8.838910 0.748609 -0.270035 0.031030 0.047116 0.961196
12.233400 -30.291038 -9.025995 0.829760 -0.273684 0.025708 0.045951 0.960377
12.266700 -30.227577 -9.181730 0.912301 -0.278777 0.023097 0.047188 0.958918
12.300100 -30.152864 -9.369082 0.977422 -0.283615 0.021348 0.045675 0.957612
12.333400 -30.089068 -9.524858 1.042404 -0.290222 0.018779 0.046270 0.955655
12.366700 -30.014255 -9.703967 1.090245 -0.296205 0.015743 0.047945 0.953790
12.400100 -29.938596 -9.881818 1.128880 -0.299094 0.011197 0.048475 0.952926
12.433400 -29.873844 -10.027918 1.165735 -0.303055 0.006446 0.049378 0.951671
12.466700 -29.796107 -10.202102 1.182858 -0.308806 0.004622 0.050027 0.949797
12.500100 -29.716904 -10.374987 1.189816 -0.315701 -0.000453 0.048105 0.947638
12.533400 -29.645582 -10.522733 1.194027 -0.320785 -0.004568 0.047752 0.945937
12.566700 -29.565129 -10.687998 1.179988 -0.326390 -0.010382 0.044364 0.944137
12.600100 -29.482014 -10.852769 1.155817 -0.330303 -0.014859 0.042374 0.942806
12.633400 -29.399277 -11.017702 1.120963 -0.333928 -0.018481 0.041975 0.941482
12.666700 -29.318076 -11.151245 1.085357 -0.337668 -0.021876 0.043728 0.939995
12.700100 -29.236355 -11.316855 1.030047 -0.340320 -0.023695 0.041405 0.939099
12.733400 -29.153294 -11.479116 0.967414 -0.345431 -0.026677 0.041177 0.937161
12.766700 -29.066356 -11.638555 0.896491 -0.349866 -0.030682 0.037880 0.935531
12.800100 -28.977080 -11.797967 0.818174 -0.355598 -0.031777 0.035886 0.933409
12.833400 -28.888633 -11.956087 0.734309 -0.359837 -0.033912 0.033417 0.931800
12.866700 -28.796277 -12.081623 0.656388 -0.365244 -0.036400 0.030959 0.929685
12.900100 -28.698497 -12.236912 0.559642 -0.371478 -0.038444 0.028861 0.927197
12.933400 -28.600281 -12.392328 0.460931 -0.377658 -0.041810 0.026386 0.924624
12.966700 -28.501169 -12.542896 0.359896 -0.381799 -0.045516 0.024362 0.922802
13.000100 -28.409070 -12.686675 0.256813 -0.383940 -0.049627 0.021888 0.921764
13.033400 -28.311623 -12.832149 0.157245 -0.388941 -0.050525 0.020506 0.919648
13.066700 -28.215733 -12.983258 0.060622 -0.392695 -0.051431 0.017285 0.918067
13.100100 -28.123910 -13.129398 -0.037783 -0.394420 -0.054093 0.014619 0.917220
13.133400 -28.015120 -13.245619 -0.121697 -0.399281 -0.056104 0.014180 0.915001
13.166700 -27.909247 -13.388643 -0.211600 -0.404094 -0.059239 0.012158 0.912716
13.200100 -27.804769 -13.528920 -0.295685 -0.409014 -0.061138 0.011285 0.910408
13.233400 -27.695996 -13.666096 -0.373790 -0.415536 -0.066682 0.010595 0.907067
13.266700 -27.590787 -13.796604 -0.446241 -0.419256 -0.070772 0.009215 0.905058
13.300100 -27.485531 -13.929748 -0.509313 -0.423939 -0.071279 0.006013 0.902861
13.333400 -27.372378 -14.060965 -0.563109 -0.430615 -0.075270 0.004367 0.899381
13.366700 -27.257881 -14.191887 -0.606719 -0.434686 -0.077288 0.003240 0.897254
13.400100 -27.129779 -14.281700 -0.639009 -0.440375 -0.080663 -0.000153 0.894183
13.433400 -27.032059 -14.408855 -0.667143 -0.445399 -0.084730 -0.002520 0.891310
13.466700 -26.928387 -14.535329 -0.681306 -0.448446 -0.084569 -0.004971 0.889786
13.500100 -26.819731 -14.659940 -0.684410 -0.454324 -0.088003 -0.008130 0.886442
13.533400 -26.703912 -14.786541 -0.674994 -0.460610 -0.089074 -0.010065 0.883064
13.566700 -26.584325 -14.862311 -0.661962 -0.464988 -0.087210 -0.013396 0.880909
13.600100 -26.466812 -14.981098 -0.629462 -0.469135 -0.088728 -0.015126 0.878528
13.633400 -26.354688 -15.095856 -0.589680 -0.472984 -0.089119 -0.018019 0.876367
13.666700 -26.250326 -15.214846 -0.541205 -0.476717 -0.091197 -0.020514 0.874073
13.700100 -26.121108 -15.266054 -0.486344 -0.481697 -0.090619 -0.022239 0.871356
13.733400 -25.994693 -15.372530 -0.413687 -0.485870 -0.090051 -0.025855 0.868995
13.766700 -25.884386 -15.491108 -0.336629 -0.487964 -0.090500 -0.027637 0.867719
13.800100 -25.788922 -15.549799 -0.263054 -0.491416 -0.089159 -0.028781 0.865871
13.833400 -25.672166 -15.658817 -0.172439 -0.496087 -0.089814 -0.031138 0.863053
13.866700 -25.551570 -15.761226 -0.076695 0.500443 0.091351 0.033464 -0.860286
13.900100 -25.467399 -15.812258 0.012941 0.505256 0.092210 0.036057 -0.857271
13.933400 -25.348415 -15.906457 0.119952 0.506825 0.089016 0.036391 -0.856668
13.966700 -25.232396 -16.000408 0.226854 0.511424 0.088177 0.037968 -0.853949
14.000100 -25.099301 -16.057861 0.332489 0.516520 0.088695 0.041552 -0.850655
14.033400 -24.967766 -16.150014 0.435348 0.522162 0.088636 0.044520 -0.847059
14.066700 -24.845613 -16.243781 0.538371 0.525062 0.088116 0.046100 -0.845234
14.100100 -24.727084 -16.326754 0.628655 0.527780 0.086696 0.046966 -0.843639
14.133400 -24.604755 -16.410556 0.730467 0.532279 0.088055 0.047686 -0.840626
14.166700 -24.480758 -16.493896 0.825001 0.537008 0.089085 0.049079 -0.837423
14.200100 -24.336364 -16.606317 0.893594 0.540989 0.086618 0.050551 -0.835028
14.233400 -24.215143 -16.672092 0.981009 0.545497 0.083778 0.049905 -0.832421
14.266700 -24.097379 -16.737476 1.060880 0.547581 0.081603 0.051750 -0.831155
14.300100 -23.973277 -16.814436 1.128841 0.552476 0.079486 0.053878 -0.827979
14.333400 -23.855556 -16.872523 1.189524 0.555906 0.079106 0.055053 -0.825639
14.366700 -23.729914 -16.943127 1.239895 0.560548 0.077406 0.055053 -0.822656
14.400100 -23.603070 -17.009919 1.279873 0.565257 0.076368 0.055229 -0.819513
14.433400 -23.473012 -17.076824 1.308274 0.570177 0.073779 0.055843 -0.816294
14.466700 -23.341028 -17.142129 1.324843 0.573963 0.073381 0.058202 -0.813507
14.500100 -23.252835 -17.177911 1.346001 0.577768 0.072563 0.056092 -0.811032
14.533400 -23.124900 -17.234118 1.343472 0.582380 0.070046 0.055150 -0.808013
14.566700 -22.992273 -17.294028 1.328121 0.588414 0.066673 0.053170 -0.804050
14.600100 -22.858264 -17.352121 1.302041 0.593399 0.065572 0.052990 -0.800481
14.633400 -22.726970 -17.407223 1.266248 0.596664 0.063965 0.054502 -0.798079
14.666700 -22.619769 -17.426587 1.232270 0.598474 0.061222 0.057754 -0.796709
14.700100 -22.488257 -17.477485 1.176935 0.603313 0.058243 0.056995 -0.793330
14.733400 -22.356137 -17.524234 1.113624 0.607284 0.057920 0.055683 -0.790412
14.766800 -22.247668 -17.541031 1.054778 0.610613 0.057810 0.056863 -0.787767
14.800100 -22.113082 -17.586745 0.974175 0.616202 0.055618 0.058717 -0.783424
14.833400 -21.978261 -17.624165 0.889119 0.620065 0.051484 0.058882 -0.780642
14.866800 -21.840794 -17.652322 0.797151 0.626275 0.048283 0.056913 -0.776022
14.900100 -21.708380 -17.686491 0.704574 0.630056 0.046808 0.054976 -0.773185
14.933400 -21.576858 -17.721906 0.605714 0.636169 0.045423 0.054513 -0.768280
14.966800 -21.435423 -17.752148 0.501205 0.640059 0.042627 0.055069 -0.765163
15.000100 -21.304988 -17.781837 0.400189 0.644257 0.039345 0.053006 -0.761955
15.033400 -21.163518 -17.801908 0.305512 0.648458 0.036832 0.050893 -0.758653
15.066800 -21.034251 -17.828958 0.204807 0.651767 0.031316 0.049293 -0.756167
15.100100 -20.895905 -17.842513 0.111637 0.655809 0.028706 0.046566 -0.752942
15.133400 -20.767173 -17.859964 0.015935 0.659980 0.027403 0.044468 -0.749465
15.166800 -20.626990 -17.867668 -0.072001 0.664131 0.024155 0.045381 -0.745846
15.200100 -20.493749 -17.884708 -0.155626 0.668865 0.021452 0.044150 -0.741761
15.233400 -20.341244 -17.900228 -0.229503 0.672817 0.017518 0.042074 -0.738404
15.266800 -20.209618 -17.914133 -0.299710 0.676514 0.014236 0.039280 -0.735243
15.300100 -20.061332 -17.927419 -0.358991 0.680037 0.012049 0.037936 -0.732096
15.333400 -19.932159 -17.931573 -0.413072 0.683578 0.009592 0.039006 -0.728771
15.366800 -19.803958 -17.932425 -0.457608 0.687119 0.008231 0.038870 -0.725458
15.400100 -19.649496 -17.941694 -0.487422 0.690890 0.004987 0.036624 -0.722015
15.433400 -19.522476 -17.943498 -0.511073 0.695578 0.001619 0.031573 -0.717755
15.466800 -19.395919 -17.941459 -0.523773 0.696641 -0.002527 0.030790 -0.716754
15.500100 -19.251024 -17.942426 -0.522110 0.699790 -0.004936 0.028919 -0.713746
15.533400 -19.124945 -17.935673 -0.513496 0.704812 -0.006072 0.026996 -0.708854
15.566800 -18.997991 -17.927520 -0.493335 0.709631 -0.007860 0.024037 -0.704119
15.600100 -18.844701 -17.922180 -0.456092 0.712305 -0.009783 0.020970 -0.701488
15.633400 -18.722252 -17.906208 -0.415843 0.714974 -0.009869 0.019431 -0.698811
15.666800 -18.600317 -17.888035 -0.365443 0.718830 -0.011197 0.016920 -0.694890
15.700100 -18.478569 -17.870818 -0.305352 0.723783 -0.012201 0.012935 -0.689799
15.733400 -18.336696 -17.845970 -0.231387 0.727830 -0.015219 0.012224 -0.685480
15.766800 -18.216758 -17.828125 -0.154256 0.731888 -0.015983 0.009599 -0.681170
15.800100 -18.097845 -17.805598 -0.069556 0.735543 -0.017154 0.007120 -0.677223
15.833400 -17.978705 -17.781678 0.022823 0.739173 -0.022528 0.001944 -0.673136
15.866800 -17.859027 -17.755549 0.121777 0.742413 -0.024449 0.000635 -0.669496
15.900100 -17.720990 -17.726216 0.220840 0.744330 -0.026600 -0.000498 -0.667282
15.933400 -17.604869 -17.697221 0.325751 0.748859 -0.029531 -0.004979 -0.662053
15.966800 -17.487540 -17.665672 0.433835 0.751495 -0.029977 -0.008195 -0.659006
16.000100 -17.372131 -17.632053 0.543550 0.755720 -0.032740 -0.009010 -0.654013
16.033400 -17.257976 -17.595266 0.654205 0.760181 -0.035981 -0.012887 -0.648586
16.066800 -17.142929 -17.556722 0.762765 0.762385 -0.037437 -0.017974 -0.645790
16.100100 -17.027731 -17.516435 0.867517 0.764506 -0.040837 -0.021658 -0.642957
16.133400 -16.898285 -17.481548 0.956197 0.766139 -0.044189 -0.025053 -0.640664
16.166800 -16.788459 -17.440239 1.055004 0.768585 -0.045006 -0.027284 -0.637579
16.200100 -16.677095 -17.396055 1.147355 0.771060 -0.045761 -0.030975 -0.634360
16.233400 -16.564178 -17.349754 1.232871 0.774286 -0.047582 -0.034885 -0.630080
16.266800 -16.451108 -17.302172 1.311122 0.776167 -0.049868 -0.037869 -0.627410
16.300100 -16.338683 -17.253088 1.380812 0.778998 -0.052596 -0.040889 -0.623478
16.333400 -16.225111 -17.198488 1.442452 0.783558 -0.053811 -0.045103 -0.617338
16.366800 -16.065799 -17.151781 1.472591 0.787280 -0.052478 -0.047125 -0.612549
16.400100 -15.964295 -17.093034 1.520383 0.790169 -0.051481 -0.051037 -0.608587
16.433400 -15.851900 -17.034312 1.551462 0.792641 -0.054932 -0.053806 -0.604820
16.466800 -15.737760 -16.973601 1.571011 0.795219 -0.055848 -0.057261 -0.601023
16.500100 -15.625801 -16.909227 1.580882 0.799019 -0.057021 -0.062107 -0.595366
16.533400 -15.454253 -16.848966 1.549524 0.802344 -0.061766 -0.064111 -0.590186
16.566800 -15.351302 -16.782422 1.540209 0.804950 -0.061396 -0.066626 -0.586385
16.600100 -15.242423 -16.713500 1.517860 0.808259 -0.062358 -0.068925 -0.581445
16.633400 -15.136483 -16.642181 1.486582 0.811961 -0.061711 -0.071637 -0.576002
16.666800 -14.942531 -16.567286 1.407063 0.815708 -0.062508 -0.073890 -0.570309
16.700100 -14.824005 -16.494215 1.349027 0.816760 -0.063934 -0.076139 -0.568347
16.733400 -14.699716 -16.420509 1.280131 0.819459 -0.063586 -0.080920 -0.563823
16.766800 -14.587294 -16.346117 1.208039 0.822719 -0.061649 -0.083802 -0.558847
16.800100 -14.396667 -16.274045 1.100430 0.827076 -0.062315 -0.084331 -0.552224
16.833400 -14.293808 -16.187711 1.015931 0.828668 -0.060439 -0.084644 -0.549993
16.866800 -14.176550 -16.114765 0.920012 0.830093 -0.060631 -0.087681 -0.547341
16.900100 -14.007220 -16.063000 0.812318 0.833052 -0.060286 -0.090070 -0.542473
16.933400 -13.902313 -15.967877 0.721787 0.836365 -0.060923 -0.092074 -0.536940
16.966800 -13.790201 -15.871370 0.621069 0.839951 -0.058294 -0.093480 -0.531362
17.000100 -13.656213 -15.780059 0.528984 0.844236 -0.056327 -0.097059 -0.524092
17.033400 -13.549774 -15.687540 0.426660 0.847091 -0.055178 -0.097597 -0.519488
17.066700 -13.440900 -15.594206 0.325171 0.850946 -0.054333 -0.098396 -0.513086
17.100100 -13.317361 -15.476539 0.239664 0.852589 -0.051547 -0.100386 -0.510252
17.133400 -13.211885 -15.376393 0.146086 0.854620 -0.047719 -0.103199 -0.506653
17.166700 -13.105831 -15.273771 0.057223 0.856851 -0.046072 -0.104953 -0.502661
17.200100 -12.975272 -15.148604 -0.012631 0.860328 -0.043153 -0.105015 -0.496937
17.233400 -12.877453 -15.047091 -0.092673 0.862432 -0.040242 -0.107473 -0.492992
17.266700 -12.776539 -14.940096 -0.162962 0.865580 -0.038515 -0.107630 -0.487549
17.300100 -12.676914 -14.830212 -0.225368 0.868344 -0.036198 -0.108999 -0.482480
17.333400 -12.522092 -14.696523 -0.259129 0.870748 -0.032634 -0.108284 -0.478547
17.366700 -12.421261 -14.582318 -0.302233 0.872715 -0.027821 -0.110633 -0.474716
17.400100 -12.324013 -14.466556 -0.334871 0.876185 -0.025837 -0.111072 -0.468290
17.433400 -12.225010 -14.346213 -0.355465 0.878899 -0.024120 -0.109964 -0.463533
17.466700 -12.135617 -14.230844 -0.368041 0.881322 -0.023375 -0.113033 -0.458202
17.500100 -12.053358 -14.116407 -0.371730 0.884534 -0.020896 -0.114563 -0.451707
17.533400 -11.901396 -13.966332 -0.343063 0.886867 -0.020817 -0.114884 -0.447029
17.566700 -11.815667 -13.841492 -0.323690 0.889739 -0.017158 -0.115687 -0.441233
17.600100 -11.730631 -13.716910 -0.292304 0.892722 -0.017848 -0.115585 -0.435166
17.633400 -11.646413 -13.589550 -0.249748 0.894806 -0.015455 -0.114833 -0.431158
17.666700 -11.560267 -13.460823 -0.195975 0.896478 -0.012959 -0.113389 -0.428138
17.700100 -11.477138 -13.334190 -0.134289 0.899573 -0.009962 -0.112802 -0.421836
17.733400 -11.327203 -13.200446 -0.052663 0.902136 -0.007746 -0.109350 -0.417293
17.766700 -11.259030 -13.070130 0.022012 0.904345 -0.004642 -0.107038 -0.413137
17.800100 -11.182968 -12.936639 0.106951 0.906861 -0.000590 -0.106156 -0.407840
17.833400 -11.081199 -12.817424 0.196446 0.908992 0.001761 -0.105298 -0.403289
17.866700 -11.002476 -12.682920 0.296001 0.911283 0.007557 -0.104263 -0.398290
17.900100 -10.926829 -12.545344 0.398417 0.913903 0.009001 -0.099904 -0.393344
17.933400 -10.823251 -12.407399 0.499995 0.916037 0.011312 -0.099454 -0.388403
17.966700 -10.751504 -12.264231 0.608768 0.918150 0.014790 -0.097299 -0.383815
18.000100 -10.682650 -12.118204 0.716899 0.920370 0.018222 -0.097216 -0.378333
18.033400 -10.595405 -11.982786 0.818073 0.922179 0.022639 -0.096849 -0.373756
18.066700 -10.524601 -11.843352 0.928130 0.923907 0.025345 -0.095413 -0.369663
18.100100 -10.437252 -11.695613 1.023185 0.925718 0.026600 -0.095124 -0.365090
18.133400 -10.370643 -11.550137 1.125581 0.927583 0.026105 -0.093983 -0.360659
18.166700 -10.277987 -11.402801 1.211123 0.929020 0.030575 -0.092184 -0.357055
18.200100 -10.214184 -11.254072 1.304318 0.931107 0.030222 -0.090431 -0.352064
18.233400 -10.116800 -11.094955 1.376101 0.933388 0.032108 -0.087537 -0.346546
18.266700 -10.056174 -10.944190 1.454872 0.935517 0.034616 -0.084766 -0.341209
18.300100 -9.963961 -10.780667 1.512777 0.937898 0.037534 -0.082673 -0.334818
18.333400 -9.900340 -10.620384 1.572430 0.939680 0.039460 -0.081328 -0.329893
18.366700 -9.837837 -10.464528 1.622137 0.941536 0.041588 -0.079300 -0.324795
18.400100 -9.751601 -10.290110 1.652303 0.943316 0.043427 -0.074953 -0.320391
18.433400 -9.695078 -10.133674 1.682985 0.945479 0.045198 -0.072063 -0.314378
18.466700 -9.636478 -9.974589 1.701450 0.947479 0.046315 -0.067705 -0.309120
18.500100 -9.538400 -9.780448 1.691944 0.948387 0.048810 -0.064019 -0.306727
18.533400 -9.480448 -9.617162 1.687423 0.950103 0.049093 -0.061656 -0.301816
18.566700 -9.422890 -9.452718 1.671725 0.951663 0.050810 -0.057358 -0.297432
18.600100 -9.329297 -9.277327 1.634687 0.953328 0.050664 -0.053707 -0.292770
18.633400 -9.274681 -9.114598 1.599573 0.954673 0.051057 -0.050572 -0.288850
18.666700 -9.219246 -8.949463 1.553853 0.956232 0.052417 -0.048451 -0.283768
18.700100 -9.166685 -8.782830 1.500147 0.957728 0.053204 -0.046818 -0.278809
18.733400 -9.114319 -8.631360 1.443242 0.958919 0.055931 -0.044442 -0.274539
18.766700 -9.064530 -8.460830 1.370913 0.960193 0.056930 -0.041683 -0.270279
18.800100 -9.010540 -8.289663 1.289773 0.960935 0.056522 -0.038744 -0.268158
18.833400 -8.958407 -8.118432 1.202370 0.961809 0.057688 -0.035543 -0.265201
18.866700 -8.909381 -7.945874 1.110165 0.963196 0.058786 -0.031429 -0.260403
18.900100 -8.860548 -7.785581 1.020290 0.964239 0.057914 -0.030747 -0.256796
18.933400 -8.817517 -7.608442 0.919764 0.965321 0.056812 -0.029049 -0.253149
18.966700 -8.773148 -7.433777 0.817284 0.966372 0.061147 -0.027080 -0.248299
19.000100 -8.732381 -7.256252 0.714029 0.968006 0.064376 -0.022392 -0.241493
19.033400 -8.694242 -7.077378 0.611593 0.969484 0.065697 -0.017680 -0.235523
19.066700 -8.656470 -6.899146 0.509971 0.970965 0.064762 -0.013755 -0.229878
19.100100 -8.610614 -6.723148 0.417580 0.971909 0.063285 -0.011223 -0.226409
19.133400 -8.575892 -6.546230 0.319264 0.973237 0.061611 -0.007434 -0.221264
19.166700 -8.542909 -6.367119 0.226787 0.974657 0.060488 -0.003664 -0.215342
19.200100 -8.512309 -6.186633 0.139610 0.975600 0.060868 -0.000786 -0.210949
19.233400 -8.484446 -6.006231 0.059153 0.976544 0.059339 0.002529 -0.206963
19.266700 -8.458688 -5.825426 -0.014171 0.977519 0.060528 0.004919 -0.201911
19.300000 -8.417429 -5.638068 -0.069783 0.978080 0.059846 0.010687 -0.199158
19.333400 -8.396791 -5.456401 -0.127339 0.979374 0.058032 0.014231 -0.193020
19.366700 -8.377535 -5.272226 -0.174178 0.980510 0.056358 0.017407 -0.187405
19.400000 -8.359396 -5.089945 -0.211769 0.981386 0.053300 0.021527 -0.183240
19.433400 -8.343339 -4.906581 -0.239063 0.981923 0.052636 0.024948 -0.180094
19.466700 -8.299719 -4.702778 -0.242282 0.982965 0.052166 0.029090 -0.173816
19.500000 -8.292324 -4.515054 -0.248662 0.983771 0.051617 0.030633 -0.169091
19.533400 -8.284384 -4.326205 -0.242665 0.984466 0.050803 0.034042 -0.164580
19.566700 -8.278292 -4.138238 -0.225596 0.985012 0.053329 0.035076 -0.160241
19.600000 -8.234809 -3.921092 -0.183917 0.985363 0.051178 0.038749 -0.157920
19.633400 -8.234951 -3.733995 -0.148125 0.986267 0.048416 0.042398 -0.152101
19.666700 -8.236160 -3.542043 -0.099811 0.987037 0.045151 0.042427 -0.148049
19.700000 -8.198056 -3.325875 -0.028894 0.987847 0.042346 0.045635 -0.142414
19.733400 -8.204450 -3.128781 0.035948 0.988656 0.038466 0.047058 -0.137351
19.766700 -8.210984 -2.936470 0.110186 0.989190 0.035132 0.048767 -0.133758
19.800000 -8.177908 -2.721520 0.205319 0.989540 0.034709 0.052124 -0.129961
19.833400 -8.183575 -2.527853 0.291292 0.989922 0.035474 0.054421 -0.125835
19.866700 -8.192315 -2.335590 0.384246 0.990391 0.035627 0.054328 -0.122082
19.900000 -8.162712 -2.122741 0.494536 0.990851 0.033175 0.057012 -0.117741
19.933400 -8.180656 -1.922928 0.595685 0.991453 0.031789 0.059219 -0.111819
19.966700 -8.144787 -1.731004 0.707093 0.991949 0.030668 0.061393 -0.106435
